150  , 4179         
205  , 4155         
210  , 4136         
215  , 4118         
215  , 4098         
223  , 4082         
228  , 4065         
230  , 4048         
230  , 4029         
238  , 4014         
240  , 4000         
245  , 3986         
250  , 3973         
250  , 3959         
253  , 3946         
265  , 3936         
268  , 3924         
270  , 3914         
270  , 3901         
268  , 3889         
240  , 3867         
223  , 3850         
218  , 3837         
213  , 3827         
213  , 3819         
215  , 3812         
220  , 3806         
223  , 3800         
225  , 3796         
228  , 3791         
233  , 3788         
223  , 3781         
230  , 3778         
233  , 3777         
238  , 3774         
238  , 3771         
238  , 3769         
230  , 3762         
228  , 3755         
220  , 3746         
225  , 3739         
230  , 3730         
230  , 3718         
233  , 3704         
223  , 3688         
228  , 3681         
243  , 3677         
263  , 3670         
283  , 3644         
315  , 3562         
403  , 3408         
380  , 3349         
330  , 3329         
305  , 3319         
288  , 3313         
275  , 3309         
273  , 3304         
260  , 3302         
260  , 3300         
248  , 3296         
243  , 3295          
250  , 3297
248  , 3296
243  , 3296
243  , 3296
235  , 3293
223  , 3289
233  , 3289
228  , 3286
223  , 3285
225  , 3284 
225  , 3284
218  , 3284
220  , 3284
218  , 3283
220  , 3282 
213  , 3281
